14.40
19.97
13.48
1.08
9.42
1.65
18.00
20.37
6.59
5.14
23.72
25.46
11.23
25.70
22.66
12.67
4.19
13.48
8.54
10.13
23.26
25.75
24.10
20.03
25.30
23.32
7.02
13.44
1.46
17.05
14.32
21.19
23.54
12.17
15.29
18.78
14.10
7.28
16.48
9.92
25.73
19.12
8.43
22.35
20.16
4.11
16.29
6.69
14.86
8.98
2.04
15.23
15.89
7.52
19.96
10.98
10.41
12.82
4.57
21.85
5.68
12.74
8.94
14.80
25.90
24.78
7.31
3.54
8.43
25.63
20.88
6.81
11.79
5.83
1.99
10.51
10.42
15.89
11.69
22.21
11.15
10.28
5.96
20.25
22.55
20.36
3.50
17.32
11.96
1.08
14.11
17.01
10.93
17.38
20.32
19.65
22.95
10.02
2.78
14.26
3.76
18.78
2.40
13.74
16.12
17.41
22.72
21.78
9.80
5.74
3.78
7.20
12.38
16.90
13.06
1.70
11.78
1.72
6.08
25.59
14.68
1.41
22.72
8.20
6.86
17.09
7.82
4.83
20.23
19.18
20.58
23.52
22.64
1.83
9.90
6.29
19.99
24.97
9.22
15.62
4.93
12.55
0
-10